t,MV,PV,DV
0.000000000000000000e+00,3.000000000000000000e+01,5.796000000000000085e+01,5.000000000000000000e+01
1.000000000000000000e+00,3.000000000000000000e+01,5.796000000000000085e+01,5.000000000000000000e+01
2.000000000000000000e+00,3.000000000000000000e+01,5.796000000000000085e+01,5.000000000000000000e+01
3.000000000000000000e+00,3.000000000000000000e+01,5.796000000000000085e+01,5.000000000000000000e+01
4.000000000000000000e+00,3.000000000000000000e+01,5.782999999999999829e+01,5.000000000000000000e+01
5.000000000000000000e+00,3.000000000000000000e+01,5.772999999999999687e+01,5.000000000000000000e+01
6.000000000000000000e+00,3.000000000000000000e+01,5.796000000000000085e+01,5.000000000000000000e+01
7.000000000000000000e+00,3.000000000000000000e+01,5.796000000000000085e+01,5.000000000000000000e+01
8.000000000000000000e+00,3.000000000000000000e+01,5.796000000000000085e+01,5.000000000000000000e+01
9.000000000000000000e+00,3.000000000000000000e+01,5.796000000000000085e+01,5.000000000000000000e+01
1.000000000000000000e+01,7.000000000000000000e+01,5.806000000000000227e+01,5.000000000000000000e+01
1.100000000000000000e+01,7.000000000000000000e+01,5.828000000000000114e+01,5.000000000000000000e+01
1.200000000000000000e+01,7.000000000000000000e+01,5.817999999999999972e+01,5.000000000000000000e+01
1.300000000000000000e+01,7.000000000000000000e+01,5.814999999999999858e+01,5.000000000000000000e+01
1.400000000000000000e+01,7.000000000000000000e+01,5.809000000000000341e+01,5.000000000000000000e+01
1.500000000000000000e+01,7.000000000000000000e+01,5.802000000000000313e+01,5.000000000000000000e+01
1.600000000000000000e+01,7.000000000000000000e+01,5.799000000000000199e+01,5.000000000000000000e+01
1.700000000000000000e+01,7.000000000000000000e+01,5.806000000000000227e+01,5.000000000000000000e+01
1.800000000000000000e+01,7.000000000000000000e+01,5.811999999999999744e+01,5.000000000000000000e+01
1.900000000000000000e+01,7.000000000000000000e+01,5.817999999999999972e+01,5.000000000000000000e+01
2.000000000000000000e+01,7.000000000000000000e+01,5.828000000000000114e+01,5.000000000000000000e+01
2.100000000000000000e+01,7.000000000000000000e+01,5.828000000000000114e+01,5.000000000000000000e+01
2.200000000000000000e+01,7.000000000000000000e+01,5.828000000000000114e+01,5.000000000000000000e+01
2.300000000000000000e+01,7.000000000000000000e+01,5.853999999999999915e+01,5.000000000000000000e+01
2.400000000000000000e+01,7.000000000000000000e+01,5.860000000000000142e+01,5.000000000000000000e+01
2.500000000000000000e+01,7.000000000000000000e+01,5.864000000000000057e+01,5.000000000000000000e+01
2.600000000000000000e+01,7.000000000000000000e+01,5.892999999999999972e+01,5.000000000000000000e+01
2.700000000000000000e+01,7.000000000000000000e+01,5.892999999999999972e+01,5.000000000000000000e+01
2.800000000000000000e+01,7.000000000000000000e+01,5.925000000000000000e+01,5.000000000000000000e+01
2.900000000000000000e+01,7.000000000000000000e+01,5.928000000000000114e+01,5.000000000000000000e+01
3.000000000000000000e+01,7.000000000000000000e+01,5.953999999999999915e+01,5.000000000000000000e+01
3.100000000000000000e+01,7.000000000000000000e+01,5.957000000000000028e+01,5.000000000000000000e+01
3.200000000000000000e+01,7.000000000000000000e+01,5.989000000000000057e+01,5.000000000000000000e+01
3.300000000000000000e+01,7.000000000000000000e+01,5.999000000000000199e+01,5.000000000000000000e+01
3.400000000000000000e+01,7.000000000000000000e+01,6.021000000000000085e+01,5.000000000000000000e+01
3.500000000000000000e+01,7.000000000000000000e+01,6.040999999999999659e+01,5.000000000000000000e+01
3.600000000000000000e+01,7.000000000000000000e+01,6.053999999999999915e+01,5.000000000000000000e+01
3.700000000000000000e+01,7.000000000000000000e+01,6.060000000000000142e+01,5.000000000000000000e+01
3.800000000000000000e+01,7.000000000000000000e+01,6.085999999999999943e+01,5.000000000000000000e+01
3.900000000000000000e+01,7.000000000000000000e+01,6.085999999999999943e+01,5.000000000000000000e+01
4.000000000000000000e+01,7.000000000000000000e+01,6.085999999999999943e+01,5.000000000000000000e+01
4.100000000000000000e+01,7.000000000000000000e+01,6.117999999999999972e+01,5.000000000000000000e+01
4.200000000000000000e+01,7.000000000000000000e+01,6.125000000000000000e+01,5.000000000000000000e+01
4.300000000000000000e+01,7.000000000000000000e+01,6.150000000000000000e+01,5.000000000000000000e+01
4.400000000000000000e+01,7.000000000000000000e+01,6.150000000000000000e+01,5.000000000000000000e+01
4.500000000000000000e+01,7.000000000000000000e+01,6.163000000000000256e+01,5.000000000000000000e+01
4.600000000000000000e+01,7.000000000000000000e+01,6.182999999999999829e+01,5.000000000000000000e+01
4.700000000000000000e+01,7.000000000000000000e+01,6.214999999999999858e+01,5.000000000000000000e+01
4.800000000000000000e+01,7.000000000000000000e+01,6.214999999999999858e+01,5.000000000000000000e+01
4.900000000000000000e+01,7.000000000000000000e+01,6.228000000000000114e+01,5.000000000000000000e+01
5.000000000000000000e+01,7.000000000000000000e+01,6.246999999999999886e+01,5.000000000000000000e+01
5.100000000000000000e+01,7.000000000000000000e+01,6.250000000000000000e+01,5.000000000000000000e+01
5.200000000000000000e+01,7.000000000000000000e+01,6.278999999999999915e+01,5.000000000000000000e+01
5.300000000000000000e+01,7.000000000000000000e+01,6.278999999999999915e+01,5.000000000000000000e+01
5.400000000000000000e+01,7.000000000000000000e+01,6.311999999999999744e+01,5.000000000000000000e+01
5.500000000000000000e+01,7.000000000000000000e+01,6.311999999999999744e+01,5.000000000000000000e+01
5.600000000000000000e+01,7.000000000000000000e+01,6.336999999999999744e+01,5.000000000000000000e+01
5.700000000000000000e+01,7.000000000000000000e+01,6.343999999999999773e+01,5.000000000000000000e+01
5.800000000000000000e+01,7.000000000000000000e+01,6.343999999999999773e+01,5.000000000000000000e+01
5.900000000000000000e+01,7.000000000000000000e+01,6.353000000000000114e+01,5.000000000000000000e+01
6.000000000000000000e+01,7.000000000000000000e+01,6.375999999999999801e+01,5.000000000000000000e+01
6.100000000000000000e+01,7.000000000000000000e+01,6.375999999999999801e+01,5.000000000000000000e+01
6.200000000000000000e+01,7.000000000000000000e+01,6.401999999999999602e+01,5.000000000000000000e+01
6.300000000000000000e+01,7.000000000000000000e+01,6.407999999999999829e+01,5.000000000000000000e+01
6.400000000000000000e+01,7.000000000000000000e+01,6.423999999999999488e+01,5.000000000000000000e+01
6.500000000000000000e+01,7.000000000000000000e+01,6.440000000000000568e+01,5.000000000000000000e+01
6.600000000000000000e+01,7.000000000000000000e+01,6.443999999999999773e+01,5.000000000000000000e+01
6.700000000000000000e+01,7.000000000000000000e+01,6.468999999999999773e+01,5.000000000000000000e+01
6.800000000000000000e+01,7.000000000000000000e+01,6.473000000000000398e+01,5.000000000000000000e+01
6.900000000000000000e+01,7.000000000000000000e+01,6.492000000000000171e+01,5.000000000000000000e+01
7.000000000000000000e+01,7.000000000000000000e+01,6.504999999999999716e+01,5.000000000000000000e+01
7.100000000000000000e+01,7.000000000000000000e+01,6.507999999999999829e+01,5.000000000000000000e+01
7.200000000000000000e+01,7.000000000000000000e+01,6.504999999999999716e+01,5.000000000000000000e+01
7.300000000000000000e+01,7.000000000000000000e+01,6.473000000000000398e+01,5.000000000000000000e+01
7.400000000000000000e+01,7.000000000000000000e+01,6.501999999999999602e+01,5.000000000000000000e+01
7.500000000000000000e+01,7.000000000000000000e+01,6.504999999999999716e+01,5.000000000000000000e+01
7.600000000000000000e+01,7.000000000000000000e+01,6.504999999999999716e+01,5.000000000000000000e+01
7.700000000000000000e+01,7.000000000000000000e+01,6.537000000000000455e+01,5.000000000000000000e+01
7.800000000000000000e+01,7.000000000000000000e+01,6.546999999999999886e+01,5.000000000000000000e+01
7.900000000000000000e+01,7.000000000000000000e+01,6.568999999999999773e+01,5.000000000000000000e+01
8.000000000000000000e+01,7.000000000000000000e+01,6.568999999999999773e+01,5.000000000000000000e+01
8.100000000000000000e+01,7.000000000000000000e+01,6.598000000000000398e+01,5.000000000000000000e+01
8.200000000000000000e+01,7.000000000000000000e+01,6.601999999999999602e+01,5.000000000000000000e+01
8.300000000000000000e+01,7.000000000000000000e+01,6.601999999999999602e+01,5.000000000000000000e+01
8.400000000000000000e+01,7.000000000000000000e+01,6.634000000000000341e+01,5.000000000000000000e+01
8.500000000000000000e+01,7.000000000000000000e+01,6.634000000000000341e+01,5.000000000000000000e+01
8.600000000000000000e+01,7.000000000000000000e+01,6.634000000000000341e+01,5.000000000000000000e+01
8.700000000000000000e+01,7.000000000000000000e+01,6.634000000000000341e+01,5.000000000000000000e+01
8.800000000000000000e+01,7.000000000000000000e+01,6.640000000000000568e+01,5.000000000000000000e+01
8.900000000000000000e+01,7.000000000000000000e+01,6.650000000000000000e+01,5.000000000000000000e+01
9.000000000000000000e+01,7.000000000000000000e+01,6.662999999999999545e+01,5.000000000000000000e+01
9.100000000000000000e+01,7.000000000000000000e+01,6.665999999999999659e+01,5.000000000000000000e+01
9.200000000000000000e+01,7.000000000000000000e+01,6.665999999999999659e+01,5.000000000000000000e+01
9.300000000000000000e+01,7.000000000000000000e+01,6.689000000000000057e+01,5.000000000000000000e+01
9.400000000000000000e+01,7.000000000000000000e+01,6.698000000000000398e+01,5.000000000000000000e+01
9.500000000000000000e+01,7.000000000000000000e+01,6.723999999999999488e+01,5.000000000000000000e+01
9.600000000000000000e+01,7.000000000000000000e+01,6.729999999999999716e+01,5.000000000000000000e+01
9.700000000000000000e+01,7.000000000000000000e+01,6.753000000000000114e+01,5.000000000000000000e+01
9.800000000000000000e+01,7.000000000000000000e+01,6.762999999999999545e+01,5.000000000000000000e+01
9.900000000000000000e+01,7.000000000000000000e+01,6.762999999999999545e+01,5.000000000000000000e+01
1.000000000000000000e+02,7.000000000000000000e+01,6.784999999999999432e+01,5.000000000000000000e+01
1.010000000000000000e+02,7.000000000000000000e+01,6.795000000000000284e+01,5.000000000000000000e+01
1.020000000000000000e+02,7.000000000000000000e+01,6.798000000000000398e+01,5.000000000000000000e+01
1.030000000000000000e+02,7.000000000000000000e+01,6.807999999999999829e+01,5.000000000000000000e+01
1.040000000000000000e+02,7.000000000000000000e+01,6.826999999999999602e+01,5.000000000000000000e+01
1.050000000000000000e+02,7.000000000000000000e+01,6.826999999999999602e+01,5.000000000000000000e+01
1.060000000000000000e+02,7.000000000000000000e+01,6.826999999999999602e+01,5.000000000000000000e+01
1.070000000000000000e+02,7.000000000000000000e+01,6.826999999999999602e+01,5.000000000000000000e+01
1.080000000000000000e+02,7.000000000000000000e+01,6.826999999999999602e+01,5.000000000000000000e+01
1.090000000000000000e+02,7.000000000000000000e+01,6.826999999999999602e+01,5.000000000000000000e+01
1.100000000000000000e+02,7.000000000000000000e+01,6.826999999999999602e+01,5.000000000000000000e+01
1.110000000000000000e+02,7.000000000000000000e+01,6.829999999999999716e+01,5.000000000000000000e+01
1.120000000000000000e+02,7.000000000000000000e+01,6.834000000000000341e+01,5.000000000000000000e+01
1.130000000000000000e+02,7.000000000000000000e+01,6.859000000000000341e+01,5.000000000000000000e+01
1.140000000000000000e+02,7.000000000000000000e+01,6.859000000000000341e+01,5.000000000000000000e+01
1.150000000000000000e+02,7.000000000000000000e+01,6.871999999999999886e+01,5.000000000000000000e+01
1.160000000000000000e+02,7.000000000000000000e+01,6.865999999999999659e+01,5.000000000000000000e+01
1.170000000000000000e+02,7.000000000000000000e+01,6.892000000000000171e+01,5.000000000000000000e+01
1.180000000000000000e+02,7.000000000000000000e+01,6.892000000000000171e+01,5.000000000000000000e+01
1.190000000000000000e+02,7.000000000000000000e+01,6.892000000000000171e+01,5.000000000000000000e+01
1.200000000000000000e+02,7.000000000000000000e+01,6.898000000000000398e+01,5.000000000000000000e+01
1.210000000000000000e+02,7.000000000000000000e+01,6.917000000000000171e+01,5.000000000000000000e+01
1.220000000000000000e+02,7.000000000000000000e+01,6.923999999999999488e+01,5.000000000000000000e+01
1.230000000000000000e+02,7.000000000000000000e+01,6.956000000000000227e+01,5.000000000000000000e+01
1.240000000000000000e+02,7.000000000000000000e+01,6.962999999999999545e+01,5.000000000000000000e+01
1.250000000000000000e+02,7.000000000000000000e+01,6.981999999999999318e+01,5.000000000000000000e+01
1.260000000000000000e+02,7.000000000000000000e+01,6.987999999999999545e+01,5.000000000000000000e+01
1.270000000000000000e+02,7.000000000000000000e+01,6.987999999999999545e+01,5.000000000000000000e+01
1.280000000000000000e+02,7.000000000000000000e+01,7.020999999999999375e+01,5.000000000000000000e+01
1.290000000000000000e+02,7.000000000000000000e+01,7.023999999999999488e+01,5.000000000000000000e+01
1.300000000000000000e+02,7.000000000000000000e+01,7.050000000000000000e+01,5.000000000000000000e+01
1.310000000000000000e+02,7.000000000000000000e+01,7.053000000000000114e+01,5.000000000000000000e+01
1.320000000000000000e+02,7.000000000000000000e+01,7.068999999999999773e+01,5.000000000000000000e+01
1.330000000000000000e+02,7.000000000000000000e+01,7.075000000000000000e+01,5.000000000000000000e+01
1.340000000000000000e+02,7.000000000000000000e+01,7.084999999999999432e+01,5.000000000000000000e+01
1.350000000000000000e+02,7.000000000000000000e+01,7.084999999999999432e+01,5.000000000000000000e+01
1.360000000000000000e+02,7.000000000000000000e+01,7.095000000000000284e+01,5.000000000000000000e+01
1.370000000000000000e+02,7.000000000000000000e+01,7.114000000000000057e+01,5.000000000000000000e+01
1.380000000000000000e+02,7.000000000000000000e+01,7.117000000000000171e+01,5.000000000000000000e+01
1.390000000000000000e+02,7.000000000000000000e+01,7.117000000000000171e+01,5.000000000000000000e+01
1.400000000000000000e+02,7.000000000000000000e+01,7.117000000000000171e+01,5.000000000000000000e+01
1.410000000000000000e+02,7.000000000000000000e+01,7.117000000000000171e+01,5.000000000000000000e+01
1.420000000000000000e+02,7.000000000000000000e+01,7.117000000000000171e+01,5.000000000000000000e+01
1.430000000000000000e+02,7.000000000000000000e+01,7.117000000000000171e+01,5.000000000000000000e+01
1.440000000000000000e+02,7.000000000000000000e+01,7.098000000000000398e+01,5.000000000000000000e+01
1.450000000000000000e+02,7.000000000000000000e+01,7.107999999999999829e+01,5.000000000000000000e+01
1.460000000000000000e+02,7.000000000000000000e+01,7.101000000000000512e+01,5.000000000000000000e+01
1.470000000000000000e+02,7.000000000000000000e+01,7.117000000000000171e+01,5.000000000000000000e+01
1.480000000000000000e+02,7.000000000000000000e+01,7.123999999999999488e+01,5.000000000000000000e+01
1.490000000000000000e+02,7.000000000000000000e+01,7.148999999999999488e+01,5.000000000000000000e+01
1.500000000000000000e+02,7.000000000000000000e+01,7.148999999999999488e+01,5.000000000000000000e+01
1.510000000000000000e+02,7.000000000000000000e+01,7.148999999999999488e+01,5.000000000000000000e+01
1.520000000000000000e+02,7.000000000000000000e+01,7.168999999999999773e+01,5.000000000000000000e+01
1.530000000000000000e+02,7.000000000000000000e+01,7.181999999999999318e+01,5.000000000000000000e+01
1.540000000000000000e+02,7.000000000000000000e+01,7.181999999999999318e+01,5.000000000000000000e+01
1.550000000000000000e+02,7.000000000000000000e+01,7.201000000000000512e+01,5.000000000000000000e+01
1.560000000000000000e+02,7.000000000000000000e+01,7.214000000000000057e+01,5.000000000000000000e+01
1.570000000000000000e+02,7.000000000000000000e+01,7.214000000000000057e+01,5.000000000000000000e+01
1.580000000000000000e+02,7.000000000000000000e+01,7.214000000000000057e+01,5.000000000000000000e+01
1.590000000000000000e+02,7.000000000000000000e+01,7.217000000000000171e+01,5.000000000000000000e+01
1.600000000000000000e+02,7.000000000000000000e+01,7.240000000000000568e+01,5.000000000000000000e+01
1.610000000000000000e+02,7.000000000000000000e+01,7.240000000000000568e+01,5.000000000000000000e+01
1.620000000000000000e+02,7.000000000000000000e+01,7.243000000000000682e+01,5.000000000000000000e+01
1.630000000000000000e+02,7.000000000000000000e+01,7.245999999999999375e+01,5.000000000000000000e+01
1.640000000000000000e+02,7.000000000000000000e+01,7.245999999999999375e+01,5.000000000000000000e+01
1.650000000000000000e+02,7.000000000000000000e+01,7.245999999999999375e+01,5.000000000000000000e+01
1.660000000000000000e+02,7.000000000000000000e+01,7.245999999999999375e+01,5.000000000000000000e+01
1.670000000000000000e+02,7.000000000000000000e+01,7.245999999999999375e+01,5.000000000000000000e+01
1.680000000000000000e+02,7.000000000000000000e+01,7.253000000000000114e+01,5.000000000000000000e+01
1.690000000000000000e+02,7.000000000000000000e+01,7.278000000000000114e+01,5.000000000000000000e+01
1.700000000000000000e+02,7.000000000000000000e+01,7.284999999999999432e+01,5.000000000000000000e+01
1.710000000000000000e+02,7.000000000000000000e+01,7.310999999999999943e+01,5.000000000000000000e+01
1.720000000000000000e+02,7.000000000000000000e+01,7.310999999999999943e+01,5.000000000000000000e+01
1.730000000000000000e+02,7.000000000000000000e+01,7.310999999999999943e+01,5.000000000000000000e+01
1.740000000000000000e+02,7.000000000000000000e+01,7.332999999999999829e+01,5.000000000000000000e+01
1.750000000000000000e+02,7.000000000000000000e+01,7.335999999999999943e+01,5.000000000000000000e+01
1.760000000000000000e+02,7.000000000000000000e+01,7.332999999999999829e+01,5.000000000000000000e+01
1.770000000000000000e+02,7.000000000000000000e+01,7.343000000000000682e+01,5.000000000000000000e+01
1.780000000000000000e+02,7.000000000000000000e+01,7.343000000000000682e+01,5.000000000000000000e+01
1.790000000000000000e+02,7.000000000000000000e+01,7.343000000000000682e+01,5.000000000000000000e+01
1.800000000000000000e+02,7.000000000000000000e+01,7.343000000000000682e+01,5.000000000000000000e+01
1.810000000000000000e+02,7.000000000000000000e+01,7.365000000000000568e+01,5.000000000000000000e+01
1.820000000000000000e+02,7.000000000000000000e+01,7.375000000000000000e+01,5.000000000000000000e+01
1.830000000000000000e+02,7.000000000000000000e+01,7.368999999999999773e+01,5.000000000000000000e+01
1.840000000000000000e+02,7.000000000000000000e+01,7.359000000000000341e+01,5.000000000000000000e+01
1.850000000000000000e+02,7.000000000000000000e+01,7.345999999999999375e+01,5.000000000000000000e+01
1.860000000000000000e+02,7.000000000000000000e+01,7.375000000000000000e+01,5.000000000000000000e+01
1.870000000000000000e+02,7.000000000000000000e+01,7.375000000000000000e+01,5.000000000000000000e+01
1.880000000000000000e+02,7.000000000000000000e+01,7.375000000000000000e+01,5.000000000000000000e+01
1.890000000000000000e+02,7.000000000000000000e+01,7.375000000000000000e+01,5.000000000000000000e+01
1.900000000000000000e+02,7.000000000000000000e+01,7.378000000000000114e+01,5.000000000000000000e+01
1.910000000000000000e+02,7.000000000000000000e+01,7.387999999999999545e+01,5.000000000000000000e+01
1.920000000000000000e+02,7.000000000000000000e+01,7.387999999999999545e+01,5.000000000000000000e+01
1.930000000000000000e+02,7.000000000000000000e+01,7.381000000000000227e+01,5.000000000000000000e+01
1.940000000000000000e+02,7.000000000000000000e+01,7.375000000000000000e+01,5.000000000000000000e+01
1.950000000000000000e+02,7.000000000000000000e+01,7.401000000000000512e+01,5.000000000000000000e+01
1.960000000000000000e+02,7.000000000000000000e+01,7.401000000000000512e+01,5.000000000000000000e+01
1.970000000000000000e+02,7.000000000000000000e+01,7.404000000000000625e+01,5.000000000000000000e+01
1.980000000000000000e+02,7.000000000000000000e+01,7.406999999999999318e+01,5.000000000000000000e+01
1.990000000000000000e+02,7.000000000000000000e+01,7.406999999999999318e+01,5.000000000000000000e+01
2.000000000000000000e+02,7.000000000000000000e+01,7.406999999999999318e+01,5.000000000000000000e+01
2.010000000000000000e+02,7.000000000000000000e+01,7.406999999999999318e+01,5.000000000000000000e+01
2.020000000000000000e+02,7.000000000000000000e+01,7.406999999999999318e+01,5.000000000000000000e+01
2.030000000000000000e+02,7.000000000000000000e+01,7.435999999999999943e+01,5.000000000000000000e+01
2.040000000000000000e+02,7.000000000000000000e+01,7.439000000000000057e+01,5.000000000000000000e+01
2.050000000000000000e+02,7.000000000000000000e+01,7.439000000000000057e+01,5.000000000000000000e+01
2.060000000000000000e+02,7.000000000000000000e+01,7.439000000000000057e+01,5.000000000000000000e+01
2.070000000000000000e+02,7.000000000000000000e+01,7.439000000000000057e+01,5.000000000000000000e+01
2.080000000000000000e+02,7.000000000000000000e+01,7.435999999999999943e+01,5.000000000000000000e+01
2.090000000000000000e+02,7.000000000000000000e+01,7.417000000000000171e+01,5.000000000000000000e+01
2.100000000000000000e+02,7.000000000000000000e+01,7.439000000000000057e+01,5.000000000000000000e+01
2.110000000000000000e+02,7.000000000000000000e+01,7.439000000000000057e+01,5.000000000000000000e+01
2.120000000000000000e+02,7.000000000000000000e+01,7.439000000000000057e+01,5.000000000000000000e+01
2.130000000000000000e+02,7.000000000000000000e+01,7.439000000000000057e+01,5.000000000000000000e+01
2.140000000000000000e+02,7.000000000000000000e+01,7.439000000000000057e+01,5.000000000000000000e+01
2.150000000000000000e+02,7.000000000000000000e+01,7.439000000000000057e+01,5.000000000000000000e+01
2.160000000000000000e+02,7.000000000000000000e+01,7.439000000000000057e+01,5.000000000000000000e+01
2.170000000000000000e+02,7.000000000000000000e+01,7.439000000000000057e+01,5.000000000000000000e+01
2.180000000000000000e+02,7.000000000000000000e+01,7.439000000000000057e+01,5.000000000000000000e+01
2.190000000000000000e+02,7.000000000000000000e+01,7.439000000000000057e+01,5.000000000000000000e+01
2.200000000000000000e+02,7.000000000000000000e+01,7.439000000000000057e+01,5.000000000000000000e+01
2.210000000000000000e+02,7.000000000000000000e+01,7.439000000000000057e+01,5.000000000000000000e+01
2.220000000000000000e+02,7.000000000000000000e+01,7.439000000000000057e+01,5.000000000000000000e+01
2.230000000000000000e+02,7.000000000000000000e+01,7.439000000000000057e+01,5.000000000000000000e+01
2.240000000000000000e+02,7.000000000000000000e+01,7.439000000000000057e+01,5.000000000000000000e+01
2.250000000000000000e+02,7.000000000000000000e+01,7.443000000000000682e+01,5.000000000000000000e+01
2.260000000000000000e+02,7.000000000000000000e+01,7.439000000000000057e+01,5.000000000000000000e+01
2.270000000000000000e+02,7.000000000000000000e+01,7.445999999999999375e+01,5.000000000000000000e+01
2.280000000000000000e+02,7.000000000000000000e+01,7.456000000000000227e+01,5.000000000000000000e+01
2.290000000000000000e+02,7.000000000000000000e+01,7.471999999999999886e+01,5.000000000000000000e+01
2.300000000000000000e+02,7.000000000000000000e+01,7.471999999999999886e+01,5.000000000000000000e+01
2.310000000000000000e+02,7.000000000000000000e+01,7.471999999999999886e+01,5.000000000000000000e+01
2.320000000000000000e+02,7.000000000000000000e+01,7.471999999999999886e+01,5.000000000000000000e+01
2.330000000000000000e+02,7.000000000000000000e+01,7.471999999999999886e+01,5.000000000000000000e+01
2.340000000000000000e+02,7.000000000000000000e+01,7.471999999999999886e+01,5.000000000000000000e+01
2.350000000000000000e+02,7.000000000000000000e+01,7.471999999999999886e+01,5.000000000000000000e+01
2.360000000000000000e+02,7.000000000000000000e+01,7.471999999999999886e+01,5.000000000000000000e+01
2.370000000000000000e+02,7.000000000000000000e+01,7.462000000000000455e+01,5.000000000000000000e+01
2.380000000000000000e+02,7.000000000000000000e+01,7.471999999999999886e+01,5.000000000000000000e+01
2.390000000000000000e+02,7.000000000000000000e+01,7.471999999999999886e+01,5.000000000000000000e+01
2.400000000000000000e+02,7.000000000000000000e+01,7.471999999999999886e+01,5.000000000000000000e+01
2.410000000000000000e+02,7.000000000000000000e+01,7.471999999999999886e+01,5.000000000000000000e+01
2.420000000000000000e+02,7.000000000000000000e+01,7.471999999999999886e+01,5.000000000000000000e+01
2.430000000000000000e+02,7.000000000000000000e+01,7.475000000000000000e+01,5.000000000000000000e+01
2.440000000000000000e+02,7.000000000000000000e+01,7.504000000000000625e+01,5.000000000000000000e+01
2.450000000000000000e+02,7.000000000000000000e+01,7.504000000000000625e+01,5.000000000000000000e+01
2.460000000000000000e+02,7.000000000000000000e+01,7.529999999999999716e+01,5.000000000000000000e+01
2.470000000000000000e+02,7.000000000000000000e+01,7.504000000000000625e+01,5.000000000000000000e+01
2.480000000000000000e+02,7.000000000000000000e+01,7.471999999999999886e+01,5.000000000000000000e+01
2.490000000000000000e+02,7.000000000000000000e+01,7.471999999999999886e+01,5.000000000000000000e+01
2.500000000000000000e+02,7.000000000000000000e+01,7.504000000000000625e+01,5.000000000000000000e+01
2.510000000000000000e+02,7.000000000000000000e+01,7.504000000000000625e+01,5.000000000000000000e+01
2.520000000000000000e+02,7.000000000000000000e+01,7.504000000000000625e+01,5.000000000000000000e+01
2.530000000000000000e+02,7.000000000000000000e+01,7.501000000000000512e+01,5.000000000000000000e+01
2.540000000000000000e+02,7.000000000000000000e+01,7.504000000000000625e+01,5.000000000000000000e+01
2.550000000000000000e+02,7.000000000000000000e+01,7.504000000000000625e+01,5.000000000000000000e+01
2.560000000000000000e+02,7.000000000000000000e+01,7.484999999999999432e+01,5.000000000000000000e+01
2.570000000000000000e+02,7.000000000000000000e+01,7.490999999999999659e+01,5.000000000000000000e+01
2.580000000000000000e+02,7.000000000000000000e+01,7.501000000000000512e+01,5.000000000000000000e+01
2.590000000000000000e+02,7.000000000000000000e+01,7.504000000000000625e+01,5.000000000000000000e+01
2.600000000000000000e+02,7.000000000000000000e+01,7.520000000000000284e+01,5.000000000000000000e+01
2.610000000000000000e+02,7.000000000000000000e+01,7.532999999999999829e+01,5.000000000000000000e+01
2.620000000000000000e+02,7.000000000000000000e+01,7.535999999999999943e+01,5.000000000000000000e+01
2.630000000000000000e+02,7.000000000000000000e+01,7.523000000000000398e+01,5.000000000000000000e+01
2.640000000000000000e+02,7.000000000000000000e+01,7.526000000000000512e+01,5.000000000000000000e+01
2.650000000000000000e+02,7.000000000000000000e+01,7.535999999999999943e+01,5.000000000000000000e+01
2.660000000000000000e+02,7.000000000000000000e+01,7.535999999999999943e+01,5.000000000000000000e+01
2.670000000000000000e+02,7.000000000000000000e+01,7.535999999999999943e+01,5.000000000000000000e+01
2.680000000000000000e+02,7.000000000000000000e+01,7.535999999999999943e+01,5.000000000000000000e+01
2.690000000000000000e+02,7.000000000000000000e+01,7.535999999999999943e+01,5.000000000000000000e+01
2.700000000000000000e+02,7.000000000000000000e+01,7.535999999999999943e+01,5.000000000000000000e+01
2.710000000000000000e+02,7.000000000000000000e+01,7.535999999999999943e+01,5.000000000000000000e+01
2.720000000000000000e+02,7.000000000000000000e+01,7.539000000000000057e+01,5.000000000000000000e+01
2.730000000000000000e+02,7.000000000000000000e+01,7.539000000000000057e+01,5.000000000000000000e+01
2.740000000000000000e+02,7.000000000000000000e+01,7.545999999999999375e+01,5.000000000000000000e+01
2.750000000000000000e+02,7.000000000000000000e+01,7.535999999999999943e+01,5.000000000000000000e+01
2.760000000000000000e+02,7.000000000000000000e+01,7.535999999999999943e+01,5.000000000000000000e+01
2.770000000000000000e+02,7.000000000000000000e+01,7.535999999999999943e+01,5.000000000000000000e+01
2.780000000000000000e+02,7.000000000000000000e+01,7.535999999999999943e+01,5.000000000000000000e+01
2.790000000000000000e+02,7.000000000000000000e+01,7.535999999999999943e+01,5.000000000000000000e+01
2.800000000000000000e+02,7.000000000000000000e+01,7.539000000000000057e+01,5.000000000000000000e+01
2.810000000000000000e+02,7.000000000000000000e+01,7.535999999999999943e+01,5.000000000000000000e+01
2.820000000000000000e+02,7.000000000000000000e+01,7.535999999999999943e+01,5.000000000000000000e+01
2.830000000000000000e+02,7.000000000000000000e+01,7.535999999999999943e+01,5.000000000000000000e+01
2.840000000000000000e+02,3.000000000000000000e+01,7.535999999999999943e+01,5.000000000000000000e+01
2.850000000000000000e+02,3.000000000000000000e+01,7.535999999999999943e+01,5.000000000000000000e+01
2.860000000000000000e+02,3.000000000000000000e+01,7.535999999999999943e+01,5.000000000000000000e+01
2.870000000000000000e+02,3.000000000000000000e+01,7.517000000000000171e+01,5.000000000000000000e+01
2.880000000000000000e+02,3.000000000000000000e+01,7.506999999999999318e+01,5.000000000000000000e+01
2.890000000000000000e+02,3.000000000000000000e+01,7.504000000000000625e+01,5.000000000000000000e+01
2.900000000000000000e+02,3.000000000000000000e+01,7.504000000000000625e+01,5.000000000000000000e+01
2.910000000000000000e+02,3.000000000000000000e+01,7.504000000000000625e+01,5.000000000000000000e+01
2.920000000000000000e+02,3.000000000000000000e+01,7.504000000000000625e+01,5.000000000000000000e+01
2.930000000000000000e+02,3.000000000000000000e+01,7.496999999999999886e+01,5.000000000000000000e+01
2.940000000000000000e+02,3.000000000000000000e+01,7.471999999999999886e+01,5.000000000000000000e+01
2.950000000000000000e+02,3.000000000000000000e+01,7.471999999999999886e+01,5.000000000000000000e+01
2.960000000000000000e+02,3.000000000000000000e+01,7.471999999999999886e+01,5.000000000000000000e+01
2.970000000000000000e+02,3.000000000000000000e+01,7.471999999999999886e+01,5.000000000000000000e+01
2.980000000000000000e+02,3.000000000000000000e+01,7.471999999999999886e+01,5.000000000000000000e+01
2.990000000000000000e+02,3.000000000000000000e+01,7.471999999999999886e+01,5.000000000000000000e+01
3.000000000000000000e+02,3.000000000000000000e+01,7.462000000000000455e+01,5.000000000000000000e+01
3.010000000000000000e+02,3.000000000000000000e+01,7.439000000000000057e+01,5.000000000000000000e+01
3.020000000000000000e+02,3.000000000000000000e+01,7.426999999999999602e+01,5.000000000000000000e+01
3.030000000000000000e+02,3.000000000000000000e+01,7.414000000000000057e+01,5.000000000000000000e+01
3.040000000000000000e+02,3.000000000000000000e+01,7.409999999999999432e+01,5.000000000000000000e+01
3.050000000000000000e+02,3.000000000000000000e+01,7.409999999999999432e+01,5.000000000000000000e+01
3.060000000000000000e+02,3.000000000000000000e+01,7.406999999999999318e+01,5.000000000000000000e+01
3.070000000000000000e+02,3.000000000000000000e+01,7.406999999999999318e+01,5.000000000000000000e+01
3.080000000000000000e+02,3.000000000000000000e+01,7.384999999999999432e+01,5.000000000000000000e+01
3.090000000000000000e+02,3.000000000000000000e+01,7.375000000000000000e+01,5.000000000000000000e+01
3.100000000000000000e+02,3.000000000000000000e+01,7.375000000000000000e+01,5.000000000000000000e+01
3.110000000000000000e+02,3.000000000000000000e+01,7.368999999999999773e+01,5.000000000000000000e+01
3.120000000000000000e+02,3.000000000000000000e+01,7.343000000000000682e+01,5.000000000000000000e+01
3.130000000000000000e+02,3.000000000000000000e+01,7.343000000000000682e+01,5.000000000000000000e+01
3.140000000000000000e+02,3.000000000000000000e+01,7.343000000000000682e+01,5.000000000000000000e+01
3.150000000000000000e+02,3.000000000000000000e+01,7.314000000000000057e+01,5.000000000000000000e+01
3.160000000000000000e+02,3.000000000000000000e+01,7.310999999999999943e+01,5.000000000000000000e+01
3.170000000000000000e+02,3.000000000000000000e+01,7.306999999999999318e+01,5.000000000000000000e+01
3.180000000000000000e+02,3.000000000000000000e+01,7.284999999999999432e+01,5.000000000000000000e+01
3.190000000000000000e+02,3.000000000000000000e+01,7.278000000000000114e+01,5.000000000000000000e+01
3.200000000000000000e+02,3.000000000000000000e+01,7.256000000000000227e+01,5.000000000000000000e+01
3.210000000000000000e+02,3.000000000000000000e+01,7.245999999999999375e+01,5.000000000000000000e+01
3.220000000000000000e+02,3.000000000000000000e+01,7.232999999999999829e+01,5.000000000000000000e+01
3.230000000000000000e+02,3.000000000000000000e+01,7.214000000000000057e+01,5.000000000000000000e+01
3.240000000000000000e+02,3.000000000000000000e+01,7.214000000000000057e+01,5.000000000000000000e+01
3.250000000000000000e+02,3.000000000000000000e+01,7.187999999999999545e+01,5.000000000000000000e+01
3.260000000000000000e+02,3.000000000000000000e+01,7.181999999999999318e+01,5.000000000000000000e+01
3.270000000000000000e+02,3.000000000000000000e+01,7.181999999999999318e+01,5.000000000000000000e+01
3.280000000000000000e+02,3.000000000000000000e+01,7.153000000000000114e+01,5.000000000000000000e+01
3.290000000000000000e+02,3.000000000000000000e+01,7.148999999999999488e+01,5.000000000000000000e+01
3.300000000000000000e+02,3.000000000000000000e+01,7.126999999999999602e+01,5.000000000000000000e+01
3.310000000000000000e+02,3.000000000000000000e+01,7.117000000000000171e+01,5.000000000000000000e+01
3.320000000000000000e+02,3.000000000000000000e+01,7.087999999999999545e+01,5.000000000000000000e+01
3.330000000000000000e+02,3.000000000000000000e+01,7.084999999999999432e+01,5.000000000000000000e+01
3.340000000000000000e+02,3.000000000000000000e+01,7.068999999999999773e+01,5.000000000000000000e+01
3.350000000000000000e+02,3.000000000000000000e+01,7.053000000000000114e+01,5.000000000000000000e+01
3.360000000000000000e+02,3.000000000000000000e+01,7.053000000000000114e+01,5.000000000000000000e+01
3.370000000000000000e+02,3.000000000000000000e+01,7.020999999999999375e+01,5.000000000000000000e+01
3.380000000000000000e+02,3.000000000000000000e+01,7.020999999999999375e+01,5.000000000000000000e+01
3.390000000000000000e+02,3.000000000000000000e+01,6.995000000000000284e+01,5.000000000000000000e+01
3.400000000000000000e+02,3.000000000000000000e+01,6.987999999999999545e+01,5.000000000000000000e+01
3.410000000000000000e+02,3.000000000000000000e+01,6.987999999999999545e+01,5.000000000000000000e+01
3.420000000000000000e+02,3.000000000000000000e+01,6.975000000000000000e+01,5.000000000000000000e+01
3.430000000000000000e+02,3.000000000000000000e+01,6.968999999999999773e+01,5.000000000000000000e+01
3.440000000000000000e+02,3.000000000000000000e+01,6.956000000000000227e+01,5.000000000000000000e+01
3.450000000000000000e+02,3.000000000000000000e+01,6.945999999999999375e+01,5.000000000000000000e+01
3.460000000000000000e+02,3.000000000000000000e+01,6.940000000000000568e+01,5.000000000000000000e+01
3.470000000000000000e+02,3.000000000000000000e+01,6.937000000000000455e+01,5.000000000000000000e+01
3.480000000000000000e+02,3.000000000000000000e+01,6.926999999999999602e+01,5.000000000000000000e+01
3.490000000000000000e+02,3.000000000000000000e+01,6.923999999999999488e+01,5.000000000000000000e+01
3.500000000000000000e+02,3.000000000000000000e+01,6.923999999999999488e+01,5.000000000000000000e+01
3.510000000000000000e+02,3.000000000000000000e+01,6.923999999999999488e+01,5.000000000000000000e+01
3.520000000000000000e+02,3.000000000000000000e+01,6.923999999999999488e+01,5.000000000000000000e+01
3.530000000000000000e+02,3.000000000000000000e+01,6.923999999999999488e+01,5.000000000000000000e+01
3.540000000000000000e+02,3.000000000000000000e+01,6.895000000000000284e+01,5.000000000000000000e+01
3.550000000000000000e+02,3.000000000000000000e+01,6.892000000000000171e+01,5.000000000000000000e+01
3.560000000000000000e+02,3.000000000000000000e+01,6.892000000000000171e+01,5.000000000000000000e+01
3.570000000000000000e+02,3.000000000000000000e+01,6.892000000000000171e+01,5.000000000000000000e+01
3.580000000000000000e+02,3.000000000000000000e+01,6.875000000000000000e+01,5.000000000000000000e+01
3.590000000000000000e+02,3.000000000000000000e+01,6.871999999999999886e+01,5.000000000000000000e+01
3.600000000000000000e+02,3.000000000000000000e+01,6.859000000000000341e+01,5.000000000000000000e+01
3.610000000000000000e+02,3.000000000000000000e+01,6.859000000000000341e+01,5.000000000000000000e+01
3.620000000000000000e+02,3.000000000000000000e+01,6.859000000000000341e+01,5.000000000000000000e+01
3.630000000000000000e+02,3.000000000000000000e+01,6.840000000000000568e+01,5.000000000000000000e+01
3.640000000000000000e+02,3.000000000000000000e+01,6.826999999999999602e+01,5.000000000000000000e+01
3.650000000000000000e+02,3.000000000000000000e+01,6.826999999999999602e+01,5.000000000000000000e+01
3.660000000000000000e+02,3.000000000000000000e+01,6.826999999999999602e+01,5.000000000000000000e+01
3.670000000000000000e+02,3.000000000000000000e+01,6.826999999999999602e+01,5.000000000000000000e+01
3.680000000000000000e+02,3.000000000000000000e+01,6.798000000000000398e+01,5.000000000000000000e+01
3.690000000000000000e+02,3.000000000000000000e+01,6.798000000000000398e+01,5.000000000000000000e+01
3.700000000000000000e+02,3.000000000000000000e+01,6.795000000000000284e+01,5.000000000000000000e+01
3.710000000000000000e+02,3.000000000000000000e+01,6.795000000000000284e+01,5.000000000000000000e+01
3.720000000000000000e+02,3.000000000000000000e+01,6.787999999999999545e+01,5.000000000000000000e+01
3.730000000000000000e+02,3.000000000000000000e+01,6.771999999999999886e+01,5.000000000000000000e+01
3.740000000000000000e+02,3.000000000000000000e+01,6.762999999999999545e+01,5.000000000000000000e+01
3.750000000000000000e+02,3.000000000000000000e+01,6.762999999999999545e+01,5.000000000000000000e+01
3.760000000000000000e+02,3.000000000000000000e+01,6.762999999999999545e+01,5.000000000000000000e+01
3.770000000000000000e+02,3.000000000000000000e+01,6.734000000000000341e+01,5.000000000000000000e+01
3.780000000000000000e+02,3.000000000000000000e+01,6.729999999999999716e+01,5.000000000000000000e+01
3.790000000000000000e+02,3.000000000000000000e+01,6.729999999999999716e+01,5.000000000000000000e+01
3.800000000000000000e+02,3.000000000000000000e+01,6.729999999999999716e+01,5.000000000000000000e+01
3.810000000000000000e+02,3.000000000000000000e+01,6.718000000000000682e+01,5.000000000000000000e+01
3.820000000000000000e+02,3.000000000000000000e+01,6.698000000000000398e+01,5.000000000000000000e+01
3.830000000000000000e+02,3.000000000000000000e+01,6.698000000000000398e+01,5.000000000000000000e+01
3.840000000000000000e+02,3.000000000000000000e+01,6.689000000000000057e+01,5.000000000000000000e+01
3.850000000000000000e+02,3.000000000000000000e+01,6.665999999999999659e+01,5.000000000000000000e+01
3.860000000000000000e+02,3.000000000000000000e+01,6.665999999999999659e+01,5.000000000000000000e+01
3.870000000000000000e+02,3.000000000000000000e+01,6.665999999999999659e+01,5.000000000000000000e+01
3.880000000000000000e+02,3.000000000000000000e+01,6.665999999999999659e+01,5.000000000000000000e+01
3.890000000000000000e+02,3.000000000000000000e+01,6.662999999999999545e+01,5.000000000000000000e+01
3.900000000000000000e+02,3.000000000000000000e+01,6.656000000000000227e+01,5.000000000000000000e+01
3.910000000000000000e+02,3.000000000000000000e+01,6.650000000000000000e+01,5.000000000000000000e+01
3.920000000000000000e+02,3.000000000000000000e+01,6.637000000000000455e+01,5.000000000000000000e+01
3.930000000000000000e+02,3.000000000000000000e+01,6.634000000000000341e+01,5.000000000000000000e+01
3.940000000000000000e+02,3.000000000000000000e+01,6.634000000000000341e+01,5.000000000000000000e+01
3.950000000000000000e+02,3.000000000000000000e+01,6.634000000000000341e+01,5.000000000000000000e+01
3.960000000000000000e+02,3.000000000000000000e+01,6.631000000000000227e+01,5.000000000000000000e+01
3.970000000000000000e+02,3.000000000000000000e+01,6.614000000000000057e+01,5.000000000000000000e+01
3.980000000000000000e+02,3.000000000000000000e+01,6.601999999999999602e+01,5.000000000000000000e+01
3.990000000000000000e+02,3.000000000000000000e+01,6.601999999999999602e+01,5.000000000000000000e+01
4.000000000000000000e+02,3.000000000000000000e+01,6.601999999999999602e+01,5.000000000000000000e+01
4.010000000000000000e+02,3.000000000000000000e+01,6.598000000000000398e+01,5.000000000000000000e+01
4.020000000000000000e+02,3.000000000000000000e+01,6.595000000000000284e+01,5.000000000000000000e+01
4.030000000000000000e+02,3.000000000000000000e+01,6.584999999999999432e+01,5.000000000000000000e+01
4.040000000000000000e+02,3.000000000000000000e+01,6.576000000000000512e+01,5.000000000000000000e+01
4.050000000000000000e+02,3.000000000000000000e+01,6.576000000000000512e+01,5.000000000000000000e+01
4.060000000000000000e+02,3.000000000000000000e+01,6.568999999999999773e+01,5.000000000000000000e+01
4.070000000000000000e+02,3.000000000000000000e+01,6.568999999999999773e+01,5.000000000000000000e+01
4.080000000000000000e+02,3.000000000000000000e+01,6.568999999999999773e+01,5.000000000000000000e+01
4.090000000000000000e+02,3.000000000000000000e+01,6.546999999999999886e+01,5.000000000000000000e+01
4.100000000000000000e+02,3.000000000000000000e+01,6.537000000000000455e+01,5.000000000000000000e+01
4.110000000000000000e+02,3.000000000000000000e+01,6.537000000000000455e+01,5.000000000000000000e+01
4.120000000000000000e+02,3.000000000000000000e+01,6.537000000000000455e+01,5.000000000000000000e+01
4.130000000000000000e+02,3.000000000000000000e+01,6.537000000000000455e+01,5.000000000000000000e+01
4.140000000000000000e+02,3.000000000000000000e+01,6.537000000000000455e+01,5.000000000000000000e+01
4.150000000000000000e+02,3.000000000000000000e+01,6.537000000000000455e+01,5.000000000000000000e+01
4.160000000000000000e+02,3.000000000000000000e+01,6.520999999999999375e+01,5.000000000000000000e+01
4.170000000000000000e+02,3.000000000000000000e+01,6.510999999999999943e+01,5.000000000000000000e+01
4.180000000000000000e+02,3.000000000000000000e+01,6.504999999999999716e+01,5.000000000000000000e+01
4.190000000000000000e+02,3.000000000000000000e+01,6.504999999999999716e+01,5.000000000000000000e+01
4.200000000000000000e+02,3.000000000000000000e+01,6.504999999999999716e+01,5.000000000000000000e+01
4.210000000000000000e+02,3.000000000000000000e+01,6.476000000000000512e+01,5.000000000000000000e+01
4.220000000000000000e+02,3.000000000000000000e+01,6.476000000000000512e+01,5.000000000000000000e+01
4.230000000000000000e+02,3.000000000000000000e+01,6.473000000000000398e+01,5.000000000000000000e+01
4.240000000000000000e+02,3.000000000000000000e+01,6.473000000000000398e+01,5.000000000000000000e+01
4.250000000000000000e+02,3.000000000000000000e+01,6.465999999999999659e+01,5.000000000000000000e+01
4.260000000000000000e+02,3.000000000000000000e+01,6.465999999999999659e+01,5.000000000000000000e+01
4.270000000000000000e+02,3.000000000000000000e+01,6.473000000000000398e+01,5.000000000000000000e+01
4.280000000000000000e+02,3.000000000000000000e+01,6.473000000000000398e+01,5.000000000000000000e+01
4.290000000000000000e+02,3.000000000000000000e+01,6.468999999999999773e+01,5.000000000000000000e+01
4.300000000000000000e+02,3.000000000000000000e+01,6.473000000000000398e+01,5.000000000000000000e+01
4.310000000000000000e+02,3.000000000000000000e+01,6.468999999999999773e+01,5.000000000000000000e+01
4.320000000000000000e+02,3.000000000000000000e+01,6.456999999999999318e+01,5.000000000000000000e+01
4.330000000000000000e+02,3.000000000000000000e+01,6.446999999999999886e+01,5.000000000000000000e+01
4.340000000000000000e+02,3.000000000000000000e+01,6.440000000000000568e+01,5.000000000000000000e+01
4.350000000000000000e+02,3.000000000000000000e+01,6.440000000000000568e+01,5.000000000000000000e+01
4.360000000000000000e+02,3.000000000000000000e+01,6.440000000000000568e+01,5.000000000000000000e+01
4.370000000000000000e+02,3.000000000000000000e+01,6.440000000000000568e+01,5.000000000000000000e+01
4.380000000000000000e+02,3.000000000000000000e+01,6.440000000000000568e+01,5.000000000000000000e+01
4.390000000000000000e+02,3.000000000000000000e+01,6.440000000000000568e+01,5.000000000000000000e+01
4.400000000000000000e+02,3.000000000000000000e+01,6.431000000000000227e+01,5.000000000000000000e+01
4.410000000000000000e+02,3.000000000000000000e+01,6.418000000000000682e+01,5.000000000000000000e+01
4.420000000000000000e+02,3.000000000000000000e+01,6.407999999999999829e+01,5.000000000000000000e+01
4.430000000000000000e+02,3.000000000000000000e+01,6.407999999999999829e+01,5.000000000000000000e+01
4.440000000000000000e+02,3.000000000000000000e+01,6.395000000000000284e+01,5.000000000000000000e+01
4.450000000000000000e+02,3.000000000000000000e+01,6.375999999999999801e+01,5.000000000000000000e+01
4.460000000000000000e+02,3.000000000000000000e+01,6.375999999999999801e+01,5.000000000000000000e+01
4.470000000000000000e+02,3.000000000000000000e+01,6.375999999999999801e+01,5.000000000000000000e+01
4.480000000000000000e+02,3.000000000000000000e+01,6.343999999999999773e+01,5.000000000000000000e+01
4.490000000000000000e+02,3.000000000000000000e+01,6.343999999999999773e+01,5.000000000000000000e+01
4.500000000000000000e+02,3.000000000000000000e+01,6.343999999999999773e+01,5.000000000000000000e+01
4.510000000000000000e+02,3.000000000000000000e+01,6.340999999999999659e+01,5.000000000000000000e+01
4.520000000000000000e+02,3.000000000000000000e+01,6.340999999999999659e+01,5.000000000000000000e+01
4.530000000000000000e+02,3.000000000000000000e+01,6.343999999999999773e+01,5.000000000000000000e+01
4.540000000000000000e+02,3.000000000000000000e+01,6.331000000000000227e+01,5.000000000000000000e+01
4.550000000000000000e+02,3.000000000000000000e+01,6.334000000000000341e+01,5.000000000000000000e+01
4.560000000000000000e+02,3.000000000000000000e+01,6.343999999999999773e+01,5.000000000000000000e+01
4.570000000000000000e+02,3.000000000000000000e+01,6.343999999999999773e+01,5.000000000000000000e+01
4.580000000000000000e+02,3.000000000000000000e+01,6.343999999999999773e+01,5.000000000000000000e+01
4.590000000000000000e+02,3.000000000000000000e+01,6.343999999999999773e+01,5.000000000000000000e+01
4.600000000000000000e+02,3.000000000000000000e+01,6.343999999999999773e+01,5.000000000000000000e+01
4.610000000000000000e+02,3.000000000000000000e+01,6.324000000000000199e+01,5.000000000000000000e+01
4.620000000000000000e+02,3.000000000000000000e+01,6.314999999999999858e+01,5.000000000000000000e+01
4.630000000000000000e+02,3.000000000000000000e+01,6.314999999999999858e+01,5.000000000000000000e+01
4.640000000000000000e+02,3.000000000000000000e+01,6.311999999999999744e+01,5.000000000000000000e+01
4.650000000000000000e+02,3.000000000000000000e+01,6.311999999999999744e+01,5.000000000000000000e+01
4.660000000000000000e+02,3.000000000000000000e+01,6.278999999999999915e+01,5.000000000000000000e+01
4.670000000000000000e+02,3.000000000000000000e+01,6.289000000000000057e+01,5.000000000000000000e+01
4.680000000000000000e+02,3.000000000000000000e+01,6.304999999999999716e+01,5.000000000000000000e+01
4.690000000000000000e+02,3.000000000000000000e+01,6.311999999999999744e+01,5.000000000000000000e+01
4.700000000000000000e+02,3.000000000000000000e+01,6.311999999999999744e+01,5.000000000000000000e+01
4.710000000000000000e+02,3.000000000000000000e+01,6.311999999999999744e+01,5.000000000000000000e+01
4.720000000000000000e+02,3.000000000000000000e+01,6.311999999999999744e+01,5.000000000000000000e+01
4.730000000000000000e+02,3.000000000000000000e+01,6.307999999999999829e+01,5.000000000000000000e+01
4.740000000000000000e+02,3.000000000000000000e+01,6.307999999999999829e+01,5.000000000000000000e+01
4.750000000000000000e+02,3.000000000000000000e+01,6.299000000000000199e+01,5.000000000000000000e+01
4.760000000000000000e+02,3.000000000000000000e+01,6.282999999999999829e+01,5.000000000000000000e+01
4.770000000000000000e+02,3.000000000000000000e+01,6.278999999999999915e+01,5.000000000000000000e+01
4.780000000000000000e+02,3.000000000000000000e+01,6.278999999999999915e+01,5.000000000000000000e+01
4.790000000000000000e+02,3.000000000000000000e+01,6.278999999999999915e+01,5.000000000000000000e+01
4.800000000000000000e+02,3.000000000000000000e+01,6.278999999999999915e+01,5.000000000000000000e+01
4.810000000000000000e+02,3.000000000000000000e+01,6.275999999999999801e+01,5.000000000000000000e+01
4.820000000000000000e+02,3.000000000000000000e+01,6.265999999999999659e+01,5.000000000000000000e+01
4.830000000000000000e+02,3.000000000000000000e+01,6.278999999999999915e+01,5.000000000000000000e+01
4.840000000000000000e+02,3.000000000000000000e+01,6.278999999999999915e+01,5.000000000000000000e+01
4.850000000000000000e+02,3.000000000000000000e+01,6.265999999999999659e+01,5.000000000000000000e+01
4.860000000000000000e+02,3.000000000000000000e+01,6.260000000000000142e+01,5.000000000000000000e+01
4.870000000000000000e+02,3.000000000000000000e+01,6.257000000000000028e+01,5.000000000000000000e+01
4.880000000000000000e+02,3.000000000000000000e+01,6.257000000000000028e+01,5.000000000000000000e+01
4.890000000000000000e+02,3.000000000000000000e+01,6.257000000000000028e+01,5.000000000000000000e+01
4.900000000000000000e+02,3.000000000000000000e+01,6.250000000000000000e+01,5.000000000000000000e+01
4.910000000000000000e+02,3.000000000000000000e+01,6.246999999999999886e+01,5.000000000000000000e+01
4.920000000000000000e+02,3.000000000000000000e+01,6.246999999999999886e+01,5.000000000000000000e+01
4.930000000000000000e+02,3.000000000000000000e+01,6.246999999999999886e+01,5.000000000000000000e+01
4.940000000000000000e+02,3.000000000000000000e+01,6.246999999999999886e+01,5.000000000000000000e+01
4.950000000000000000e+02,3.000000000000000000e+01,6.246999999999999886e+01,5.000000000000000000e+01
4.960000000000000000e+02,3.000000000000000000e+01,6.246999999999999886e+01,5.000000000000000000e+01
4.970000000000000000e+02,3.000000000000000000e+01,6.246999999999999886e+01,5.000000000000000000e+01
4.980000000000000000e+02,3.000000000000000000e+01,6.246999999999999886e+01,5.000000000000000000e+01
